100
3
26 2 29
29 7 30
3
18 23 22
25 30 17
4
22 25 10 6
15 29 30 13
4
20 21 6 15
13 22 25 11
3
18 12 8
20 30 27
3
21 7 8
20 14 1
3
14 4 1
9 12 29
5
5 7 30 2 1
7 4 25 29 7
3
10 26 23
13 23 2
3
22 18 6
6 8 16
3
2 9 29
8 13 23
5
13 22 7 30 7
21 22 11 4 17
4
26 22 5 18
19 6 27 19
4
14 22 28 18
1 12 27 29
3
9 23 5
25 2 29
4
24 4 4 3
30 15 9 1
4
28 17 9 25
11 9 24 14
5
11 13 4 8 5
21 19 4 15 19
4
26 14 7 19
3 28 11 1
3
22 8 20
21 27 16
4
2 30 28 17
22 21 11 11
4
28 7 1 12
5 21 18 29
3
3 19 13
6 18 18
4
19 4 20 20
18 13 11 5
3
8 20 14
8 5 21
4
21 29 18 6
18 19 24 7
5
14 16 19 18 21
5 24 11 24 29
4
30 21 18 13
13 2 20 21
3
13 26 2
15 28 27
3
5 29 12
12 25 10
5
20 2 23 16 25
18 8 15 13 18
4
3 21 10 26
8 15 12 24
5
29 13 11 25 15
4 14 6 22 14
5
20 2 4 17 22
17 19 25 14 22
3
9 30 7
1 19 5
3
30 6 17
7 22 9
3
15 14 19
28 9 15
4
8 7 12 9
29 25 2 9
4
9 7 18 27
17 11 18 29
5
20 19 27 29 28
21 14 24 22 2
3
25 20 10
25 12 22
5
4 17 30 6 5
22 29 5 30 5
5
1 11 13 23 2
21 1 24 25 10
5
17 7 19 12 14
24 25 20 1 11
5
16 24 3 15 19
8 2 17 25 4
4
4 8 16 29
17 20 3 6
5
16 14 10 1 21
16 11 18 1 25
4
16 5 9 14
3 29 10 29
5
29 26 25 4 6
2 15 17 3 19
4
14 5 18 28
23 3 7 1
4
5 16 14 13
18 29 7 26
3
28 3 20
30 6 12
4
15 24 9 5
16 4 30 9
3
6 13 16
28 18 7
3
20 12 19
1 18 20
5
29 9 9 5 25
29 26 21 20 29
5
14 27 6 1 5
11 6 21 24 12
4
2 26 15 24
6 14 24 10
4
18 24 22 4
25 15 3 26
4
22 12 30 28
18 7 15 19
3
9 28 5
27 8 13
3
18 14 8
12 16 15
3
16 1 2
6 18 15
3
25 30 18
10 16 25
4
24 2 2 11
13 18 20 10
5
11 15 15 8 14
21 24 8 19 30
3
20 23 27
19 16 29
5
24 6 1 30 22
17 10 16 23 21
4
1 15 26 8
21 6 9 10
5
4 28 14 30 9
29 27 13 10 25
5
24 28 20 16 16
13 3 3 5 21
3
28 28 5
22 15 29
5
20 26 13 1 26
26 24 2 18 4
5
23 12 16 30 8
11 14 17 19 3
4
27 15 9 7
24 6 7 2
3
1 8 12
11 2 13
5
17 4 1 14 20
25 8 13 4 18
3
7 11 9
3 15 1
3
19 27 10
18 13 11
5
13 23 15 8 4
16 30 15 12 2
5
20 10 1 19 26
23 30 16 8 10
4
30 7 15 5
1 11 24 12
3
22 19 11
18 14 24
4
24 12 13 16
6 20 10 19
5
15 9 10 25 17
17 11 17 16 9
4
12 27 23 26
28 20 30 18
3
12 16 7
16 1 19
4
6 16 10 2
8 7 17 16
3
17 18 22
26 26 9
4
29 14 26 22
30 24 7 20
3
27 22 6
1 20 16
5
1 7 10 8 5
2 3 17 24 18
4
25 20 25 23
26 14 27 28
3
29 17 13
15 4 12
4
30 13 23 24
1 11 12 22
5
20 29 10 17 8
1 3 4 15 29
5
21 19 16 26 6
30 4 25 8 21
4
17 8 13 2
16 19 15 16
4
19 18 22 18
30 6 21 7
3
22 11 20
11 7 8