I 33 51
33 36
I 30 34
30 32
I 62 73
62 64
I 27 76
27 30
I 18 38
18 20
I 93 99
93 96
I 62 80
62 64
I 71 74
72 74
I 29 61
30 32
I 41 63
42 44
I 31 64
32 34
I 90 100
90 92
I 95 99
96 98
I 99 100
-1
I 35 44
36 38
I 37 62
38 40
I 84 96
84 86
I 16 65
16 18
I 70 79
70 72
I 86 99
86 88
I 45 86
45 48
I 87 88
-1
I 59 70
60 62
I 83 88
84 86
I 69 99
69 72
I 8 34
8 10
I 42 83
42 44
I 32 52
32 34
I 35 55
36 38
I 10 56
10 12
I 9 11
-1
I 38 84
38 40
I 21 66
21 24
I 74 98
74 76
I 17 82
18 20
I 65 66
-1
I 97 99
-1
I 52 80
52 54
I 86 90
86 88
I 17 84
18 20
I 2 29
2 4
I 37 46
38 40
I 17 45
18 20
I 79 82
80 82
I 69 95
69 72
I 34 64
34 36
I 76 92
76 78
I 34 41
34 36
I 3 38
3 6
I 49 54
50 52
I 63 100
63 66
I 11 20
12 14
I 78 79
-1
I 57 71
57 60
I 41 50
42 44
I 74 77
74 76
I 32 59
32 34
I 89 95
90 92
I 24 88
24 26
I 68 78
68 70
I 64 71
64 66
I 38 51
38 40
I 37 51
38 40
I 34 76
34 36
I 64 78
64 66
I 49 62
50 52
I 92 94
92 94
I 3 98
3 6
I 33 85
33 36
I 46 100
46 48
I 93 100
93 96
I 12 52
12 14
I 34 81
34 36
I 62 76
62 64
I 82 99
82 84
I 33 47
33 36
I 43 77
44 46
I 61 96
62 64
I 63 70
63 66
I 56 69
56 58
I 1 88
2 4
I 36 67
36 38
I 21 84
21 24
I 62 79
62 64
I 91 96
92 94
I 47 59
48 50
I 38 62
38 40
I 55 71
56 58
I 21 85
21 24
I 44 73
44 46
I 92 99
92 94
I 79 84
80 82
I 78 88
78 80
I 98 100
98 100
I 85 97
86 88
I 8 28
8 10
I 73 74
-1
I 55 63
56 58
I 61 63
-1
I 53 80
54 56
I 27 92
27 30
I 35 58
36 38
I 25 67
26 28
I 96 98
96 98
I 87 96
87 90
I 27 34
27 30
I 14 99
14 16
I 8 63
8 10
I 63 68
63 66
I 45 71
45 48
I 71 85
72 74
I 18 46
18 20
I 12 73
12 14
I 5 28
6 8
I 34 38
34 36
I 21 86
21 24
I 49 76
50 52
I 96 97
-1
I 25 93
26 28
I 22 24
22 24
I 87 91
87 90
I 41 70
42 44
I 52 73
52 54
I 57 64
57 60
I 50 96
50 52
I 23 46
24 26
I 44 77
44 46
I 40 71
40 42
I 60 78
60 62
I 60 81
60 62
I 60 92
60 62
I 41 44
42 44
I 57 92
57 60
I 81 100
81 84
I 83 100
84 86
I 17 22
18 20
I 81 86
81 84
I 2 99
2 4
I 94 98
94 96
I 64 82
64 66
I 87 97
87 90
I 99 100
-1
I 64 90
64 66
I 45 66
45 48
I 4 7
4 6
I 68 88
68 70
I 72 93
72 74
I 23 70
24 26
I 2 4
2 4
I 59 62
60 62
I 11 51
12 14
I 50 97
50 52
I 90 98
90 92
I 81 88
81 84
I 57 61
57 60
I 34 40
34 36
I 18 100
18 20
I 14 45
14 16
I 49 52
50 52
I 89 91
-1
I 69 94
69 72
I 18 39
18 20
I 25 50
26 28
I 11 69
12 14
I 28 96
28 30
I 8 75
8 10
I 24 41
24 26
I 56 60
56 58
I 3 52
3 6
I 8 33
8 10
I 20 76
20 22
I 20 74
20 22
I 67 70
68 70
I 75 89
75 78
I 67 70
68 70
I 83 92
84 86
I 64 84
64 66
I 32 68
32 34
I 89 98
90 92
I 61 64
62 64
I 26 87
26 28
I 55 93
56 58
I 16 55
16 18
I 62 71
62 64
I 17 52
18 20
I 29 74
30 32
I 33 90
33 36
I 91 92
-1
I 62 68
62 64
I 17 92
18 20
I 75 92
75 78
I 9 83
9 12
I 26 71
26 28
I 21 45
21 24
I 42 83
42 44
I 96 99
96 98
I 17 47
18 20
I 58 90
58 60
I 87 97
87 90
I 63 76
63 66
I 77 80
78 80
I 63 68
63 66
I 63 70
63 66
I 22 86
22 24
I 67 92
68 70
I 45 87
45 48
I 61 80
62 64
I 24 96
24 26
I 79 87
80 82
I 78 82
78 80
I 69 71
-1
I 77 94
78 80
I 55 90
56 58
I 50 97
50 52
I 35 58
36 38
I 26 91
26 28
I 5 64
6 8
I 43 79
44 46
I 20 32
20 22
I 5 38
6 8
I 42 48
42 44
I 39 80
39 42
I 96 100
96 98
I 15 33
15 18
I 66 74
66 68
I 62 73
62 64
I 98 100
98 100
I 79 100
80 82
I 79 95
80 82
I 63 92
63 66
I 45 47
-1
I 2 49
2 4
I 89 100
90 92
I 34 45
34 36
I 35 37
-1
I 82 85
82 84
I 72 77
72 74
I 46 53
46 48
I 99 100
-1
I 37 66
38 40
I 20 82
20 22
I 51 80
51 54
I 10 12
10 12
I 73 89
74 76
I 78 87
78 80
I 39 59
39 42
I 58 98
58 60
I 96 97
-1
I 2 9
2 4
I 32 96
32 34
I 84 93
84 86
I 97 99
-1
I 55 59
56 58
I 6 45
6 8
I 82 85
82 84
I 49 52
50 52
I 24 85
24 26
I 75 100
75 78
I 85 88
86 88
I 22 54
22 24
I 88 91
88 90
I 5 82
6 8
I 21 35
21 24
I 74 77
74 76
I 69 98
69 72
I 42 76
42 44
I 38 52
38 40
I 32 74
32 34
I 2 94
2 4
I 54 55
-1
I 8 61
8 10
I 60 79
60 62
I 34 86
34 36
I 45 48
45 48
I 49 69
50 52
I 48 59
48 50
I 53 64
54 56
I 20 32
20 22
I 96 99
96 98
I 62 80
62 64
I 15 56
15 18
I 88 91
88 90
I 74 76
74 76
I 35 96
36 38
I 88 95
88 90
I 58 64
58 60
I 88 97
88 90
I 76 86
76 78
I 31 39
32 34
I 10 51
10 12
I 50 57
50 52
I 69 78
69 72
I 36 76
36 38
I 83 93
84 86
I 49 81
50 52
I 98 99
-1
I 38 94
38 40
I 33 52
33 36
I 18 99
18 20
I 52 69
52 54
I 47 90
48 50
I 97 98
-1
I 34 51
34 36
I 62 66
62 64
I 97 98
-1
I 9 86
9 12
I 92 94
92 94
I 3 49
3 6
I 13 29
14 16
I 38 46
38 40
I 62 98
62 64
I 58 76
58 60
I 83 91
84 86
I 45 72
45 48
I 78 92
78 80
I 34 57
34 36
I 21 94
21 24
I 49 72
50 52
I 99 100
-1
I 59 98
60 62
I 45 80
45 48
I 34 94
34 36
I 57 80
57 60
I 40 48
40 42
I 23 99
24 26
I 32 93
32 34
I 88 96
88 90
I 66 86
66 68
I 91 94
92 94
I 56 65
56 58
I 25 51
26 28
I 45 54
45 48
I 14 44
14 16
I 76 90
76 78
I 87 91
87 90
I 47 67
48 50
I 5 11
6 8
I 49 98
50 52
I 7 43
8 10
I 62 92
62 64
I 44 64
44 46
I 48 71
48 50
I 43 65
44 46
I 85 87
-1
I 60 92
60 62
I 32 82
32 34
I 63 79
63 66
I 96 97
-1
I 45 51
45 48
I 13 59
14 16
I 57 79
57 60
I 69 72
69 72
I 59 97
60 62
I 82 89
82 84
I 79 85
80 82
I 15 99
15 18
I 75 76
-1
I 68 96
68 70
I 13 37
14 16
I 50 93
50 52
I 60 73
60 62
I 12 94
12 14
I 14 66
14 16
I 94 99
94 96
I 69 87
69 72
I 40 55
40 42
I 62 63
-1
I 65 84
66 68
I 79 97
80 82
I 39 77
39 42
I 95 97
-1
I 63 66
63 66
I 69 87
69 72
I 77 96
78 80
I 17 24
18 20
I 80 88
80 82
I 82 98
82 84
I 79 91
80 82
I 29 75
30 32
I 30 40
30 32
I 16 18
16 18
I 21 30
21 24
I 59 85
60 62
I 25 52
26 28
I 1 100
2 4
I 1 73
2 4
I 3 96
3 6
I 93 98
93 96
I 33 84
33 36
I 28 90
28 30
I 67 75
68 70
I 36 81
36 38
I 61 88
62 64
I 49 59
50 52
I 87 100
87 90
I 45 74
45 48
I 38 58
38 40
I 53 100
54 56
I 93 95
-1
I 92 97
92 94
I 63 68
63 66
I 36 55
36 38
I 21 32
21 24
I 93 98
93 96
I 53 72
54 56
I 42 43
-1
I 73 77
74 76
I 67 94
68 70
I 14 64
14 16
I 26 66
26 28
I 44 74
44 46
I 12 19
12 14
I 35 36
-1
I 88 91
88 90
I 54 68
54 56
I 25 77
26 28
I 48 75
48 50
I 17 31
18 20
I 33 78
33 36
I 79 91
80 82
I 43 52
44 46
I 58 85
58 60
I 95 99
96 98
I 4 87
4 6
I 87 98
87 90
I 27 96
27 30
I 98 100
98 100
I 69 89
69 72
I 24 77
24 26
I 82 92
82 84
I 36 37
-1
I 22 67
22 24
I 42 49
42 44
I 25 60
26 28
I 96 98
96 98
I 16 25
16 18
I 29 75
30 32
I 57 60
57 60
I 19 99
20 22
I 71 82
72 74
I 47 81
48 50
I 49 88
50 52
I 48 67
48 50
I 25 57
26 28
I 98 100
98 100
I 69 100
69 72
I 95 97
-1
I 7 49
8 10
I 1 84
2 4
I 45 82
45 48
I 93 98
93 96
I 69 70
-1
I 14 48
14 16
I 77 97
78 80
I 16 52
16 18
I 29 41
30 32
I 52 57
52 54
I 15 69
15 18
I 50 81
50 52
I 11 19
12 14
I 49 75
50 52
I 79 99
80 82
I 79 91
80 82
I 59 80
60 62
I 48 99
48 50
I 51 91
51 54
I 60 87
60 62
I 52 83
52 54
I 48 81
48 50
I 72 90
72 74
I 10 50
10 12
I 80 91
80 82
I 92 99
92 94
I 12 74
12 14
I 20 84
20 22
I 53 80
54 56
I 23 52
24 26
I 16 43
16 18
I 81 84
81 84
I 96 98
96 98
I 67 100
68 70
I 98 99
-1
I 3 20
3 6
I 5 72
6 8
I 85 93
86 88
I 4 30
4 6
I 58 100
58 60
I 9 17
9 12
I 42 67
42 44
I 80 81
-1
I 3 4
-1
I 23 31
24 26
I 6 66
6 8
I 97 98
-1
I 71 82
72 74
I 69 79
69 72
I 79 87
80 82
I 73 93
74 76
I 94 95
-1
I 75 98
75 78
I 63 80
63 66
I 12 36
12 14
I 40 41
-1
I 84 87
84 86
I 87 90
87 90
I 13 14
-1
I 87 88
-1
I 6 90
6 8
I 30 76
30 32
I 15 67
15 18
I 65 98
66 68
I 31 67
32 34
I 60 66
60 62
I 4 17
4 6
I 13 22
14 16
I 74 92
74 76
I 62 69
62 64
I 40 75
40 42
I 50 77
50 52
I 8 82
8 10
I 50 94
50 52
I 41 69
42 44
I 29 65
30 32
I 75 77
-1
I 7 10
8 10
I 72 92
72 74
I 58 67
58 60
I 97 98
-1
I 93 99
93 96
I 2 38
2 4
I 98 100
98 100
I 83 87
84 86
I 49 98
50 52
I 78 92
78 80
I 18 45
18 20
I 83 85
-1
I 93 96
93 96
I 57 74
57 60
I 81 82
-1
I 85 90
86 88
I 16 78
16 18
I 18 29
18 20
I 96 98
96 98
I 10 94
10 12
I 35 58
36 38
I 76 84
76 78
I 99 100
-1
I 16 27
16 18
I 36 66
36 38
I 43 94
44 46
I 87 93
87 90
I 51 82
51 54
I 38 85
38 40
I 55 84
56 58
I 39 90
39 42
I 83 94
84 86
I 37 82
38 40
I 99 100
-1
I 4 48
4 6
I 86 98
86 88
I 34 36
34 36
I 7 74
8 10
I 40 93
40 42
I 97 99
-1
I 35 72
36 38
I 10 18
10 12
I 69 82
69 72
I 47 84
48 50
I 50 63
50 52
I 15 17
-1
I 75 98
75 78
I 97 100
98 100
I 62 77
62 64
I 66 90
66 68
I 20 72
20 22
I 51 69
51 54
I 26 72
26 28
I 74 90
74 76
I 33 48
33 36
I 52 88
52 54
I 33 47
33 36
I 34 84
34 36
I 90 95
90 92
I 77 81
78 80
I 50 68
50 52
I 84 86
84 86
I 85 90
86 88
I 55 98
56 58
I 43 72
44 46
I 84 93
84 86
I 96 100
96 98
I 6 46
6 8
I 11 44
12 14
I 81 89
81 84
I 81 96
81 84
I 7 20
8 10
I 2 18
2 4
I 7 29
8 10
I 26 28
26 28
I 24 59
24 26
I 81 95
81 84
I 5 79
6 8
I 45 71
45 48
I 27 78
27 30
I 99 100
-1
I 32 84
32 34
I 83 89
84 86
I 84 95
84 86
I 52 70
52 54
I 81 83
-1
I 78 93
78 80
I 5 76
6 8
I 54 63
54 56
I 84 98
84 86
I 78 89
78 80
I 26 87
26 28
I 21 91
21 24
I 19 41
20 22
I 71 85
72 74
I 25 99
26 28
I 56 77
56 58
I 46 69
46 48
I 22 80
22 24
I 78 90
78 80
I 66 78
66 68
I 39 95
39 42
I 64 99
64 66
I 20 35
20 22
I 22 35
22 24
I 55 62
56 58
I 3 35
3 6
I 76 86
76 78
I 40 49
40 42
I 27 48
27 30
I 44 55
44 46
I 97 99
-1
I 35 88
36 38
I 1 70
2 4
I 8 94
8 10
I 41 55
42 44
I 90 99
90 92
I 47 50
48 50
I 51 56
51 54
I 81 93
81 84
I 10 32
10 12
I 49 74
50 52
I 77 95
78 80
I 44 97
44 46
I 51 86
51 54
I 80 85
80 82
I 9 85
9 12
I 44 51
44 46
I 68 73
68 70
I 51 64
51 54
I 38 49
38 40
I 90 91
-1
I 27 74
27 30
I 7 13
8 10
I 25 77
26 28
I 30 84
30 32
I 83 99
84 86
I 31 44
32 34
I 63 98
63 66
I 59 75
60 62
I 99 100
-1
I 31 35
32 34
I 93 97
93 96
I 58 98
58 60
I 66 88
66 68
I 94 98
94 96
I 12 42
12 14
I 3 93
3 6
I 4 61
4 6
I 40 68
40 42
I 75 86
75 78
I 98 100
98 100
I 99 100
-1
I 92 97
92 94
I 30 53
30 32
I 89 93
90 92
I 36 37
-1
I 97 98
-1
I 58 83
58 60
I 79 86
80 82
I 42 57
42 44
I 48 83
48 50
I 31 88
32 34
I 34 46
34 36
I 81 82
-1
I 41 96
42 44
I 93 98
93 96
I 53 89
54 56
I 11 51
12 14
I 81 96
81 84
I 55 66
56 58
I 92 95
92 94
I 54 57
54 56
I 92 98
92 94
I 67 71
68 70
I 86 98
86 88
I 2 67
2 4
I 24 38
24 26
I 21 75
21 24
I 6 18
6 8
I 34 100
34 36
I 35 54
36 38
I 38 84
38 40
I 21 97
21 24
I 10 84
10 12
I 17 60
18 20
I 84 88
84 86
I 84 97
84 86
I 81 82
-1
I 64 73
64 66
I 11 25
12 14
I 78 84
78 80
I 80 82
80 82
I 73 76
74 76
I 32 73
32 34
I 74 87
74 76
I 90 93
90 92
I 56 61
56 58
I 34 42
34 36
I 9 100
9 12
I 4 88
4 6
I 34 55
34 36
I 39 75
39 42
I 51 95
51 54
I 48 78
48 50
I 12 70
12 14
I 96 99
96 98
I 82 88
82 84
I 95 97
-1
I 15 54
15 18
I 90 97
90 92
I 73 84
74 76
I 7 90
8 10
I 27 54
27 30
I 7 17
8 10
I 31 90
32 34
I 70 87
70 72
I 50 65
50 52
I 7 80
8 10
I 72 86
72 74
I 30 99
30 32
I 29 36
30 32
I 7 37
8 10
I 31 35
32 34
I 9 36
9 12
I 90 94
90 92
I 23 87
24 26
I 22 97
22 24
I 11 19
12 14
I 21 30
21 24
I 6 34
6 8
I 65 69
66 68
I 38 82
38 40
I 12 75
12 14
I 36 99
36 38
I 96 100
96 98
I 73 86
74 76
I 25 78
26 28
I 16 29
16 18
I 16 77
16 18
I 97 100
98 100
I 81 87
81 84
I 58 66
58 60
I 47 49
-1
I 73 78
74 76
I 41 68
42 44
I 82 100
82 84
I 59 79
60 62
I 42 46
42 44
I 18 52
18 20
I 92 98
92 94
I 3 68
3 6
I 87 97
87 90
I 13 71
14 16
I 18 45
18 20
I 63 75
63 66
I 94 97
94 96
I 50 71
50 52
I 73 78
74 76
I 98 100
98 100
I 21 32
21 24
I 21 32
21 24
I 78 97
78 80
I 74 98
74 76
I 83 95
84 86
I 60 69
60 62
I 7 69
8 10
I 93 95
-1
I 67 94
68 70
I 79 92
80 82
I 97 98
-1
I 67 85
68 70
I 87 98
87 90
I 38 60
38 40
I 1 5
2 4
I 50 62
50 52
I 65 69
66 68
I 11 32
12 14
I 33 59
33 36
I 76 85
76 78
I 8 93
8 10
I 78 94
78 80
I 74 76
74 76
I 20 98
20 22
I 52 80
52 54
I 54 74
54 56
I 63 96
63 66
I 19 37
20 22
I 92 97
92 94
I 31 49
32 34
I 70 77
70 72
I 29 95
30 32
I 13 68
14 16
I 39 75
39 42
I 20 70
20 22
I 98 100
98 100
I 48 93
48 50
I 68 73
68 70
I 10 50
10 12
I 52 68
52 54
I 26 47
26 28
I 50 76
50 52
I 38 89
38 40
I 67 76
68 70
I 15 50
15 18
I 78 79
-1
I 3 7
3 6
I 71 100
72 74
I 6 34
6 8
I 12 76
12 14
I 89 95
90 92
I 22 99
22 24
I 36 89
36 38
I 78 95
78 80
I 18 74
18 20
I 53 68
54 56
I 40 45
40 42
I 14 64
14 16
I 88 96
88 90
I 75 86
75 78
I 33 97
33 36
I 71 99
72 74
I 17 48
18 20
I 71 76
72 74
I 97 98
-1
I 89 96
90 92
I 49 50
-1
I 71 75
72 74
I 94 99
94 96
I 47 94
48 50
I 95 99
96 98
I 52 64
52 54
I 33 79
33 36
I 35 72
36 38
I 29 54
30 32
I 16 69
16 18
I 80 83
80 82
I 47 98
48 50
I 32 93
32 34
I 57 82
57 60
I 47 73
48 50
I 66 83
66 68
I 97 100
98 100
I 5 59
6 8
I 19 45
20 22
I 39 52
39 42
I 65 73
66 68
I 2 97
2 4
I 88 92
88 90
I 58 70
58 60
I 97 99
-1
I 65 86
66 68
I 57 91
57 60
I 52 73
52 54
I 33 52
33 36
I 22 47
22 24
I 64 81
64 66
I 44 50
44 46
I 13 87
14 16
I 29 97
30 32
I 57 90
57 60
I 16 49
16 18
I 84 98
84 86
I 95 96
-1
I 17 75
18 20
I 33 79
33 36
I 85 87
-1
I 85 98
86 88
I 94 100
94 96
I 22 30
22 24
I 33 42
33 36
I 50 77
50 52
I 78 87
78 80
I 28 97
28 30
I 90 96
90 92
I 40 53
40 42
I 35 43
36 38
I 85 96
86 88
I 15 57
15 18
I 16 73
16 18
I 98 100
98 100
I 14 96
14 16
I 85 93
86 88
I 9 67
9 12
I 90 98
90 92
I 14 60
14 16
I 13 30
14 16
I 9 42
9 12
I 42 88
42 44
I 53 86
54 56
I 81 84
81 84
I 47 79
48 50
I 24 45
24 26
I 25 59
26 28
I 63 92
63 66
I 54 60
54 56
I 19 97
20 22
I 47 98
48 50
I 1 84
2 4
I 9 18
9 12
I 40 88
40 42
I 81 94
81 84
I 37 74
38 40
I 66 74
66 68
I 81 89
81 84
I 10 14
10 12
I 56 65
56 58
I 8 95
8 10
I 80 100
80 82
I 84 92
84 86
I 77 92
78 80
I 64 87
64 66
I 28 64
28 30
I 70 84
70 72
I 44 65
44 46
I 22 47
22 24
I 32 86
32 34
I 31 96
32 34
I 99 100
-1
I 66 87
66 68
I 49 88
50 52
I 53 98
54 56
I 66 81
66 68
I 43 88
44 46
I 30 51
30 32
I 67 71
68 70
I 10 86
10 12
I 57 88
57 60
I 25 35
26 28
I 98 99
-1
I 96 97
-1
I 80 99
80 82
I 83 91
84 86
I 55 86
56 58
I 29 35
30 32
I 71 81
72 74
I 56 93
56 58
I 2 53
2 4
I 90 92
90 92
I 85 91
86 88
I 27 59
27 30
I 93 95
-1
I 85 97
86 88
I 44 58
44 46
I 43 83
44 46
I 34 71
34 36
I 8 19
8 10
I 11 27
12 14
I 65 83
66 68
I 6 79
6 8
I 60 98
60 62
I 81 89
81 84
I 27 85
27 30
I 11 84
12 14
I 56 86
56 58
I 47 57
48 50
I 93 100
93 96
I 12 67
12 14
I 66 97
66 68
I 25 96
26 28
I 6 47
6 8
I 10 75
10 12
I 69 82
69 72
I 71 79
72 74
I 16 59
16 18
I 99 100
-1
I 71 79
72 74
I 78 85
78 80
I 5 94
6 8
I 86 100
86 88
I 99 100
-1
I 9 85
9 12
I 13 47
14 16
I 84 86
84 86
I 91 100
92 94
I 37 99
38 40
I 77 88
78 80
I 69 72
69 72
I 95 97
-1
I 23 97
24 26
I 62 78
62 64
I 29 95
30 32
I 18 90
18 20
I 99 100
-1
I 98 99
-1
I 96 99
96 98
I 85 90
86 88
I 19 96
20 22
I 46 83
46 48
I 48 62
48 50
I 15 32
15 18
I 50 51
-1
I 34 73
34 36
I 74 84
74 76
I 3 72
3 6
I 33 75
33 36
I 62 88
62 64
I 58 70
58 60
I 83 84
-1
I 11 43
12 14
I 66 69
66 68
I 70 97
70 72
I 76 77
-1
I 57 66
57 60
I 69 93
69 72
I 8 45
8 10
I 32 98
32 34
I 97 99
-1
I 99 100
-1
I 17 25
18 20
I 32 69
32 34
I 10 11
-1
I 65 100
66 68
I 39 82
39 42
I 94 100
94 96
I 9 40
9 12
I 57 76
57 60
I 39 80
39 42
I 14 18
14 16
I 27 46
27 30
I 79 90
80 82
I 76 95
76 78
I 73 97
74 76
I 96 99
96 98
I 31 84
32 34
I 88 95
88 90
I 59 61
-1
I 98 100
98 100
I 75 80
75 78
I 80 85
80 82
I 98 100
98 100
I 72 74
72 74
I 76 94
76 78
I 97 98
-1
I 96 98
96 98
I 90 99
90 92
I 86 100
86 88
I 73 92
74 76
I 85 86
-1
I 56 89
56 58
I 6 69
6 8
I 79 80
-1
I 59 61
-1
I 57 67
57 60
I 96 98
96 98
I 54 92
54 56
I 98 99
-1
I 28 77
28 30
I 28 84
28 30
I 45 74
45 48
I 19 23
20 22
I 97 100
98 100
I 6 44
6 8
I 77 95
78 80
I 99 100
-1
I 90 94
90 92
I 12 28
12 14
I 24 92
24 26
I 10 56
10 12
I 88 98
88 90
I 90 93
90 92
I 83 89
84 86
I 70 82
70 72
I 56 99
56 58
I 51 71
51 54
I 99 100
-1
I 26 72
26 28
I 67 72
68 70
I 34 51
34 36
I 65 88
66 68
I 75 91
75 78
I 50 87
50 52
I 47 48
-1
I 59 62
60 62
I 53 84
54 56
I 11 16
12 14
I 31 44
32 34
I 89 92
90 92
I 88 99
88 90
I 69 92
69 72
I 43 48
44 46
I 5 95
6 8
I 88 96
88 90
I 34 65
34 36
I 53 89
54 56
I 79 81
-1
I 62 73
62 64
I 64 92
64 66
I 93 99
93 96
I 51 57
51 54
I 41 71
42 44
I 64 67
64 66
I 10 18
10 12
I 81 96
81 84
I 18 21
18 20
I 68 92
68 70
I 42 48
42 44
I 62 93
62 64
I 14 86
14 16
I 33 100
33 36
I 94 100
94 96
I 90 98
90 92
I 43 99
44 46
I 18 87
18 20
I 94 97
94 96
I 78 89
78 80
I 16 89
16 18
I 62 83
62 64
I 22 60
22 24
I 66 81
66 68
I 74 77
74 76
I 90 97
90 92
I 3 47
3 6
I 60 63
60 62
I 88 97
88 90
I 75 86
75 78
I 4 88
4 6
I 45 97
45 48
I 86 97
86 88
I 5 75
6 8
I 70 82
70 72
I 20 25
20 22
I 1 95
2 4
I 7 82
8 10
I 74 81
74 76
I 80 85
80 82
I 93 99
93 96
I 82 92
82 84
I 43 45
-1
I 85 98
86 88
I 46 55
46 48
I 95 97
-1
I 67 97
68 70
I 58 92
58 60
I 5 85
6 8
I 53 94
54 56
I 23 59
24 26
I 67 85
68 70
I 86 99
86 88
I 18 38
18 20
I 72 82
72 74
I 41 85
42 44
I 28 61
28 30
I 65 93
66 68
I 79 81
-1
I 43 54
44 46
I 23 62
24 26
I 64 72
64 66
I 63 97
63 66
I 75 78
75 78
I 14 89
14 16
I 57 74
57 60
I 63 83
63 66
I 54 100
54 56
I 57 95
57 60
I 62 88
62 64
I 50 87
50 52
I 87 92
87 90
I 16 72
16 18
I 20 31
20 22
I 79 94
80 82
I 10 76
10 12
I 46 96
46 48
I 9 72
9 12
I 48 60
48 50
I 78 81
78 80
I 76 88
76 78
I 13 96
14 16
I 78 98
78 80
I 87 90
87 90
I 14 90
14 16
I 30 31
-1
I 73 87
74 76
I 98 100
98 100
I 20 45
20 22
I 70 87
70 72
I 62 96
62 64
I 99 100
-1
I 90 99
90 92
I 47 82
48 50
I 43 50
44 46
I 37 98
38 40
I 88 90
88 90
I 21 59
21 24
I 98 99
-1
I 7 97
8 10
I 27 91
27 30
I 56 84
56 58
I 19 47
20 22
I 51 86
51 54
I 45 46
-1
I 27 49
27 30
I 61 72
62 64
I 80 88
80 82
I 61 84
62 64
I 44 54
44 46
I 11 92
12 14
I 52 95
52 54
I 67 73
68 70
I 31 75
32 34
I 27 66
27 30
I 14 99
14 16
I 20 61
20 22
I 81 82
-1
I 39 73
39 42
I 65 69
66 68
I 84 91
84 86
I 51 97
51 54
I 45 77
45 48
I 31 67
32 34
I 94 98
94 96
I 84 87
84 86
I 60 78
60 62
I 90 96
90 92
I 74 88
74 76
I 71 92
72 74
I 4 88
4 6
I 4 34
4 6
I 8 100
8 10
I 40 69
40 42
I 27 47
27 30
I 12 98
12 14
I 75 85
75 78
I 39 80
39 42
I 62 82
62 64
I 15 60
15 18
I 25 30
26 28
I 70 75
70 72
I 41 60
42 44
I 30 69
30 32
I 34 52
34 36
I 58 75
58 60
I 7 38
8 10
I 14 49
14 16
I 74 89
74 76
I 82 87
82 84
I 85 87
-1
I 98 99
-1
I 19 43
20 22
I 7 64
8 10
I 69 74
69 72
I 30 92
30 32
I 27 28
-1
I 24 29
24 26
I 30 47
30 32
I 66 100
66 68
I 6 47
6 8
I 18 37
18 20
I 50 98
50 52
I 44 60
44 46
I 71 86
72 74
I 12 32
12 14
I 48 67
48 50
I 91 98
92 94
I 85 86
-1
I 41 54
42 44
I 65 67
-1
I 97 99
-1
I 20 61
20 22
I 76 95
76 78
I 5 89
6 8
I 39 94
39 42
I 50 99
50 52
I 26 71
26 28
I 1 81
2 4
I 57 96
57 60
I 24 50
24 26
I 8 19
8 10
I 26 65
26 28
I 19 55
20 22
I 25 27
-1
I 34 58
34 36
I 48 89
48 50
I 11 55
12 14
I 49 52
50 52
I 46 66
46 48
I 52 64
52 54
I 70 77
70 72
I 71 91
72 74
I 44 62
44 46
I 5 74
6 8
I 1 79
2 4
I 95 100
96 98
I 96 97
-1
I 37 65
38 40
I 47 97
48 50
I 78 92
78 80
I 48 60
48 50
I 93 98
93 96
I 41 60
42 44
I 97 100
98 100
I 33 98
33 36
I 48 55
48 50
I 79 89
80 82
I 58 89
58 60
I 7 82
8 10
I 51 63
51 54
I 91 94
92 94
I 52 62
52 54
I 22 68
22 24
I 54 65
54 56
I 93 95
-1
I 16 86
16 18
I 6 77
6 8
I 57 93
57 60
I 11 31
12 14
I 77 82
78 80
I 60 83
60 62
I 44 73
44 46
I 21 60
21 24
I 2 85
2 4
I 53 64
54 56
I 34 46
34 36
I 23 80
24 26
I 66 94
66 68
I 97 100
98 100
I 28 75
28 30
I 68 70
68 70
I 77 91
78 80
I 42 66
42 44
I 10 20
10 12
I 59 66
60 62
I 67 78
68 70
I 79 90
80 82
I 7 88
8 10
I 86 94
86 88
I 48 81
48 50
I 52 95
52 54
I 4 54
4 6
I 76 88
76 78
I 49 88
50 52
I 80 90
80 82
I 22 43
22 24
I 50 82
50 52
I 67 71
68 70
I 27 52
27 30
I 26 61
26 28
I 66 85
66 68
I 49 74
50 52
I 21 50
21 24
I 23 45
24 26
I 89 92
90 92
I 68 82
68 70
I 65 99
66 68
I 26 94
26 28
I 10 82
10 12
I 44 78
44 46
I 63 79
63 66
I 43 68
44 46
I 99 100
-1
I 44 91
44 46
I 80 85
80 82
I 21 67
21 24
I 34 78
34 36
I 99 100
-1
I 46 83
46 48
I 48 81
48 50
I 33 89
33 36
I 32 98
32 34
I 60 92
60 62
I 17 46
18 20
I 1 10
2 4
I 76 80
76 78
I 53 69
54 56
I 22 81
22 24
I 20 24
20 22
I 63 67
63 66
I 74 80
74 76
I 6 34
6 8
I 93 98
93 96
I 73 89
74 76
I 91 94
92 94
I 27 41
27 30
I 85 92
86 88
I 61 67
62 64
I 63 66
63 66
I 34 71
34 36
I 93 94
-1
I 27 91
27 30
I 13 23
14 16
I 39 62
39 42
I 22 61
22 24
I 19 77
20 22
I 65 73
66 68
I 47 63
48 50
I 77 88
78 80
I 37 85
38 40
I 75 98
75 78
I 13 14
-1
I 5 91
6 8
I 93 94
-1
I 23 56
24 26
I 91 99
92 94
I 28 48
28 30
I 3 95
3 6
I 46 55
46 48
I 92 95
92 94
I 38 80
38 40
I 2 25
2 4
I 41 99
42 44
I 43 95
44 46
I 57 74
57 60
I 1 40
2 4
I 67 88
68 70
I 74 84
74 76
I 66 71
66 68
I 45 95
45 48
I 93 97
93 96
I 56 61
56 58
I 82 94
82 84
I 95 96
-1
I 10 32
10 12
I 93 94
-1
I 77 79
-1
I 44 62
44 46
I 86 95
86 88
I 36 45
36 38
I 30 89
30 32
I 79 83
80 82
I 47 69
48 50
I 33 56
33 36
I 97 99
-1
I 38 78
38 40
I 35 60
36 38
I 42 54
42 44
I 61 86
62 64
I 78 80
78 80
I 13 83
14 16
I 59 100
60 62
I 40 74
40 42
I 87 90
87 90
I 59 80
60 62
I 43 71
44 46
I 14 51
14 16
I 12 16
12 14
I 53 67
54 56
I 57 80
57 60
I 64 72
64 66
I 75 82
75 78
I 36 69
36 38
I 68 80
68 70
I 9 88
9 12
I 20 84
20 22
I 36 68
36 38
I 98 100
98 100
I 73 90
74 76
I 74 91
74 76
I 47 49
-1
I 38 96
38 40
I 68 81
68 70
I 55 60
56 58
I 69 73
69 72
I 78 85
78 80
I 82 96
82 84
I 28 99
28 30
I 84 97
84 86
I 12 59
12 14
I 64 69
64 66
I 79 87
80 82
I 51 82
51 54
I 88 97
88 90
I 67 93
68 70
I 72 77
72 74
I 60 84
60 62
I 50 85
50 52
I 40 85
40 42
I 25 90
26 28
I 71 83
72 74
I 82 99
82 84
I 86 88
86 88
I 29 95
30 32
I 88 95
88 90
I 92 98
92 94
I 77 82
78 80
I 84 90
84 86
I 73 84
74 76
I 84 90
84 86
I 28 54
28 30
I 64 94
64 66
I 63 65
-1
I 93 97
93 96
I 44 72
44 46
I 14 71
14 16
I 43 46
44 46
I 8 78
8 10
I 43 46
44 46
I 26 62
26 28
I 54 62
54 56
I 28 50
28 30
I 82 100
82 84
I 12 55
12 14
I 70 90
70 72
I 52 94
52 54
I 50 97
50 52
I 65 67
-1
I 63 65
-1
I 18 21
18 20
I 15 60
15 18
I 20 73
20 22
I 82 95
82 84
I 66 67
-1
I 94 96
94 96
I 93 96
93 96
I 87 93
87 90
I 78 100
78 80
I 2 33
2 4
I 34 85
34 36
I 78 98
78 80
I 53 100
54 56
I 40 81
40 42
I 93 96
93 96
I 4 54
4 6
I 60 70
60 62
I 87 99
87 90
I 71 76
72 74
I 24 77
24 26
I 63 74
63 66
I 8 88
8 10
I 63 83
63 66
I 92 99
92 94
I 97 99
-1
I 71 91
72 74
I 88 100
88 90
I 79 100
80 82
I 41 97
42 44
I 25 51
26 28
I 99 100
-1
I 13 97
14 16
I 19 47
20 22
I 77 88
78 80
I 73 74
-1
I 97 98
-1
I 22 55
22 24
I 83 90
84 86
I 41 100
42 44
I 57 84
57 60
I 39 61
39 42
I 87 94
87 90
I 24 97
24 26
I 83 88
84 86
I 64 69
64 66
I 88 100
88 90
I 9 23
9 12
I 6 24
6 8
I 20 62
20 22
I 55 88
56 58
I 67 97
68 70
I 92 95
92 94
I 6 93
6 8
I 15 31
15 18
I 85 99
86 88
I 76 89
76 78
I 79 89
80 82
I 44 80
44 46
I 72 93
72 74
I 33 52
33 36
I 21 59
21 24
I 5 57
6 8
I 62 65
62 64
I 50 91
50 52
I 3 57
3 6
I 57 84
57 60
I 11 50
12 14
I 89 96
90 92
I 41 96
42 44
I 63 69
63 66
I 41 73
42 44
I 69 84
69 72
I 84 91
84 86
I 35 39
36 38
I 11 21
12 14
I 22 35
22 24
I 78 89
78 80
I 68 69
-1
I 63 73
63 66
I 61 97
62 64
I 14 85
14 16
I 46 98
46 48
I 11 78
12 14
I 50 62
50 52
I 46 88
46 48
I 93 95
-1
I 15 19
15 18
I 4 10
4 6
I 60 61
-1
I 28 90
28 30
I 59 97
60 62
I 43 50
44 46
I 15 86
15 18
I 98 99
-1
I 74 100
74 76
I 28 63
28 30
I 23 84
24 26
I 61 75
62 64
I 21 77
21 24
I 3 18
3 6
I 43 69
44 46
I 29 70
30 32
I 93 98
93 96
I 93 99
93 96
I 60 76
60 62
I 47 71
48 50
I 42 47
42 44
I 22 72
22 24
I 13 19
14 16
I 54 77
54 56
I 16 65
16 18
I 92 93
-1
I 4 11
4 6
I 46 88
46 48
I 47 53
48 50
I 50 66
50 52
I 90 100
90 92
I 99 100
-1
I 27 29
-1
I 21 22
-1
I 11 29
12 14
I 86 95
86 88
I 19 48
20 22
I 64 69
64 66
I 33 98
33 36
I 40 96
40 42
I 4 54
4 6
I 92 98
92 94
I 68 73
68 70
I 58 84
58 60
I 13 74
14 16
I 95 97
-1
I 12 74
12 14
I 79 98
80 82
I 35 98
36 38
I 13 45
14 16
I 4 7
4 6
I 83 85
-1
I 58 65
58 60
I 58 90
58 60
I 21 38
21 24
I 79 85
80 82
I 84 98
84 86
I 25 85
26 28
I 70 73
70 72
I 26 44
26 28
I 74 97
74 76
I 39 65
39 42
I 1 57
2 4
I 76 93
76 78
I 84 98
84 86
I 41 43
-1
I 38 68
38 40
I 71 98
72 74
I 13 44
14 16
I 22 24
22 24
I 42 74
42 44
I 5 10
6 8
I 11 59
12 14
I 23 86
24 26
I 19 21
-1
I 62 68
62 64
I 76 78
76 78
I 15 46
15 18
I 92 94
92 94
I 73 84
74 76
I 6 51
6 8
I 14 47
14 16
I 20 52
20 22
I 88 96
88 90
I 17 55
18 20
I 30 87
30 32
I 53 75
54 56
I 38 53
38 40
I 26 92
26 28
I 41 82
42 44
I 85 91
86 88
I 66 84
66 68
I 91 99
92 94
I 62 82
62 64
I 72 83
72 74
I 65 87
66 68
I 87 89
-1
I 16 65
16 18
I 53 60
54 56
I 19 52
20 22
I 26 86
26 28
I 11 76
12 14
I 52 67
52 54
I 68 86
68 70
I 54 58
54 56
I 42 51
42 44
I 51 61
51 54
I 5 16
6 8
I 42 50
42 44
I 41 54
42 44
I 48 74
48 50
I 74 75
-1
I 15 50
15 18
I 1 19
2 4
I 67 75
68 70
I 13 86
14 16
I 89 92
90 92
I 74 83
74 76
I 99 100
-1
I 94 100
94 96
I 87 92
87 90
I 91 94
92 94
I 18 83
18 20
I 55 77
56 58
I 93 99
93 96
I 29 37
30 32
I 60 83
60 62
I 1 34
2 4
I 32 50
32 34
I 9 28
9 12
I 42 94
42 44
I 68 70
68 70
I 24 46
24 26
I 5 42
6 8
I 66 98
66 68
I 9 96
9 12
I 6 98
6 8
I 20 61
20 22
I 36 72
36 38
I 26 32
26 28
I 87 98
87 90
I 33 57
33 36
I 66 90
66 68
I 58 95
58 60
I 28 45
28 30
I 7 48
8 10
I 82 95
82 84
I 62 68
62 64
I 13 81
14 16
I 48 97
48 50
I 91 97
92 94
I 95 98
96 98
I 4 80
4 6
I 56 57
-1
I 33 67
33 36
I 75 86
75 78
I 61 78
62 64
I 92 99
92 94
I 27 38
27 30
I 27 84
27 30
I 16 55
16 18
I 67 88
68 70
I 58 100
58 60
I 52 78
52 54
I 75 98
75 78
I 33 44
33 36
I 12 76
12 14
I 27 93
27 30
I 55 85
56 58
I 36 67
36 38
I 1 49
2 4
I 74 96
74 76
I 83 90
84 86
I 49 59
50 52
I 65 73
66 68
I 32 92
32 34
I 84 91
84 86
I 9 63
9 12
I 43 94
44 46
I 20 46
20 22
I 87 97
87 90
I 3 60
3 6
I 89 97
90 92
I 41 45
42 44
I 8 18
8 10
I 75 78
75 78
I 26 51
26 28
I 76 88
76 78
I 84 96
84 86
I 89 94
90 92
I 87 99
87 90
I 61 96
62 64
I 33 39
33 36
I 90 96
90 92
I 12 74
12 14
I 21 35
21 24
I 33 77
33 36
I 29 57
30 32
I 97 98
-1
I 99 100
-1
I 98 100
98 100
I 75 87
75 78
I 57 85
57 60
I 17 53
18 20
I 19 94
20 22
I 38 96
38 40
I 51 66
51 54
I 34 52
34 36
I 59 63
60 62
I 87 93
87 90
I 87 94
87 90
I 74 77
74 76
I 82 85
82 84
I 44 73
44 46
I 58 93
58 60
I 95 100
96 98
I 1 57
2 4
I 79 88
80 82
I 60 70
60 62
I 57 76
57 60
I 39 60
39 42
I 46 86
46 48
I 98 99
-1
I 45 56
45 48
I 12 75
12 14
I 74 85
74 76
I 19 25
20 22
I 29 74
30 32
I 6 36
6 8
I 18 41
18 20
I 2 35
2 4
I 79 85
80 82
I 99 100
-1
I 90 98
90 92
I 64 90
64 66
I 34 41
34 36
I 98 100
98 100
I 10 81
10 12
I 23 96
24 26
I 99 100
-1
I 54 75
54 56
I 2 78
2 4
I 57 99
57 60
I 52 64
52 54
I 55 97
56 58
I 94 100
94 96
I 95 96
-1
I 99 100
-1
I 25 35
26 28
I 63 95
63 66
I 3 32
3 6
I 19 91
20 22
I 41 82
42 44
I 19 26
20 22
I 72 85
72 74
I 13 36
14 16
I 98 100
98 100
I 57 67
57 60
I 38 99
38 40
I 89 100
90 92
I 65 71
66 68
I 49 70
50 52
I 48 50
48 50
I 67 100
68 70
I 5 18
6 8
I 15 96
15 18
I 3 88
3 6
I 55 57
-1
I 79 84
80 82
I 98 99
-1
I 23 44
24 26
I 66 71
66 68
I 7 50
8 10
I 27 36
27 30
I 59 79
60 62
I 78 94
78 80
I 96 98
96 98
I 66 73
66 68
I 90 100
90 92
I 28 50
28 30
I 33 39
33 36
I 58 81
58 60
I 96 98
96 98
I 4 92
4 6
I 43 97
44 46
I 67 74
68 70
I 56 68
56 58
I 27 38
27 30
I 35 95
36 38
I 78 96
78 80
I 43 89
44 46
I 58 97
58 60
I 68 100
68 70
I 41 80
42 44
I 77 84
78 80
I 16 36
16 18
I 11 95
12 14
I 18 49
18 20
I 62 64
62 64
I 39 41
-1
I 40 98
40 42
I 87 93
87 90
I 61 76
62 64
I 21 74
21 24
I 70 93
70 72
I 78 88
78 80
I 65 69
66 68
I 88 90
88 90
I 38 73
38 40
I 60 77
60 62
I 62 68
62 64
I 34 85
34 36
I 94 99
94 96
I 62 80
62 64
I 47 77
48 50
I 94 95
-1
I 70 97
70 72
I 23 89
24 26
I 15 56
15 18
I 81 93
81 84
I 3 70
3 6
I 42 88
42 44
I 7 70
8 10
I 93 99
93 96
I 39 79
39 42
I 78 81
78 80
I 6 56
6 8
I 75 76
-1
I 31 34
32 34
I 90 92
90 92
I 76 100
76 78
I 16 86
16 18
I 9 19
9 12
I 38 39
-1
I 13 19
14 16
I 32 94
32 34
I 58 99
58 60
I 18 66
18 20
I 82 95
82 84
I 67 71
68 70
I 63 96
63 66
I 51 84
51 54
I 5 35
6 8
I 80 94
80 82
I 5 9
6 8
I 58 73
58 60
I 67 72
68 70
I 3 4
-1
I 61 72
62 64
I 41 74
42 44
I 65 71
66 68
I 76 94
76 78
I 55 91
56 58
I 91 99
92 94
I 64 100
64 66
I 63 98
63 66
I 9 71
9 12
I 48 73
48 50
I 61 75
62 64
I 71 81
72 74
I 75 87
75 78
I 51 100
51 54
I 92 95
92 94
I 8 68
8 10
I 36 55
36 38
I 72 93
72 74
I 94 97
94 96
I 44 80
44 46
I 32 44
32 34
I 11 22
12 14
I 41 86
42 44
I 22 62
22 24
I 18 29
18 20
I 8 53
8 10
I 91 94
92 94
I 54 65
54 56
I 84 99
84 86
I 17 47
18 20
I 91 98
92 94
I 52 71
52 54
I 61 70
62 64
I 10 54
10 12
I 27 88
27 30
I 22 100
22 24
I 76 83
76 78
I 39 92
39 42
I 28 35
28 30
I 32 87
32 34
I 76 98
76 78
I 42 52
42 44
I 76 90
76 78
I 35 52
36 38
I 58 65
58 60
I 37 60
38 40
