Case #1: 0 0 0000000
-358095136 1 0000001
-703022803 2 0000010
-1061119562 3 0000011
-68986355 4 0000100
-427081491 5 0000101
-772009158 6 0000110
-1130101526 7 0000111
-956790627 8 0001000
-1314885763 9 0001001
-1659813430 10 0001010
-2017910189 11 0001011
-1025776982 12 0001100
-1383872118 13 0001101
-1728799785 14 0001110
-2086885054 15 0001111
-644933225 16 0010000
-1003028361 17 0010001
-1347956028 18 0010010
-1706052787 19 0010011
-713919580 20 0010100
-1072014716 21 0010101
-1416942383 22 0010110
-1775034751 23 0010111
-1601723852 24 0011000
-1959818988 25 0011001
-2304746655 26 0011010
-2662843414 27 0011011
-1670710207 28 0011100
-2028805343 29 0011101
-2373733010 30 0011110
-2731820756 31 0011111
-750460611 32 0100000
-1108555747 33 0100001
-1453483414 34 0100010
-1811580173 35 0100011
-819446966 36 0100100
-1177542102 37 0100101
-1522469769 38 0100110
-1880562137 39 0100111
-1707251238 40 0101000
-2065346374 41 0101001
-2410274041 42 0101010
-2768370800 43 0101011
-1776237593 44 0101100
-2134332729 45 0101101
-2479260396 46 0101110
-2837345665 47 0101111
-1395393836 48 0110000
-1753488972 49 0110001
-2098416639 50 0110010
-2456513398 51 0110011
-1464380191 52 0110100
-1822475327 53 0110101
-2167402994 54 0110110
-2525495362 55 0110111
-2352184463 56 0111000
-2710279599 57 0111001
-3055207266 58 0111010
-3413304025 59 0111011
-2421170818 60 0111100
-2779265954 61 0111101
-3124193621 62 0111110
-3482291209 63 0111111
-81861051 64 1000000
-439956187 65 1000001
-784883854 66 1000010
-1142980613 67 1000011
-150847406 68 1000100
-508942542 69 1000101
-853870209 70 1000110
-1211962577 71 1000111
-1038651678 72 1001000
-1396746814 73 1001001
-1741674481 74 1001010
-2099771240 75 1001011
-1107638033 76 1001100
-1465733169 77 1001101
-1810660836 78 1001110
-2168746105 79 1001111
-726794276 80 1010000
-1084889412 81 1010001
-1429817079 82 1010010
-1787913838 83 1010011
-795780631 84 1010100
-1153875767 85 1010101
-1498803434 86 1010110
-1856895802 87 1010111
-1683584903 88 1011000
-2041680039 89 1011001
-2386607706 90 1011010
-2744704465 91 1011011
-1752571258 92 1011100
-2110666394 93 1011101
-2455594061 94 1011110
-2813681807 95 1011111
-832321662 96 1100000
-1190416798 97 1100001
-1535344465 98 1100010
-1893441224 99 1100011
-901308017 100 1100100
-1259403153 101 1100101
-1604330820 102 1100110
-1962423188 103 1100111
-1789112289 104 1101000
-2147207425 105 1101001
-2492135092 106 1101010
-2850231851 107 1101011
-1858098644 108 1101100
-2216193780 109 1101101
-2561121447 110 1101110
-2919206716 111 1101111
-1477254887 112 1110000
-1835350023 113 1110001
-2180277690 114 1110010
-2538374449 115 1110011
-1546241242 116 1110100
-1904336378 117 1110101
-2249264045 118 1110110
-2607356413 119 1110111
-2434045514 120 1111000
-2792140650 121 1111001
-3137068317 122 1111010
-3495165076 123 1111011
-2503031869 124 1111100
-2861127005 125 1111101
-3206054672 126 1111110
-3564151455 127 1111111
0 -68986355 -81861051 -150847406 -358095136 -427081491 -439956187 -508942542 -644933225 -703022803 -713919580 -726794276 -750460611 -772009158 -784883854 -795780631 -819446966 -832321662 -853870209 -901308017
