43
7
2
3
3
32
16
40
3
46
7
23
5
47
23
27
4
19
24
50
21
6
59
27
6
7
1
12
3
31
32
36
11
5
46
8
1
3
1
13
16
9
10
1
5
13
2
32
33
9
14
2
16
11
1
27
12
52
26
40
17
24
60
1
19
10
9
1
10
1
7
52
2
15
14
58
27
12
11
18
12
2
6
2
6
70
4
75
6
2
29
40
4
6
5
15
35
14
0
40
12
1
14
3
22
21
15
4
27
33
20
68
20
17
2
4
27
3
18
12
39
44
10
54
16
13
4
14
17
5
3
6
38
3
1
4
19
10
7
7
6
44
86
5
21
32
25
16
2
31
22
15
28
10
4
2
72
6
3
32
8
39
44
32
69
6
1
36
16
42
11
6
26
6
2
7
45
8
4
10
8
16
7
22
31
6
14
28
3
48
24
27
50
11
2
4
5
40
9
3
11
2
7
8
16
4
30
27
12
31
46
5
9
15
15
5
12
41
49
8
2
14
13
19
8
1
9
37
21
23
46
14
4
18
3
4
40
4
12
18
3
12
19
42
10
35
35
78
16
17
10
22
7
43
1
19
69
6
53
19
31
11
25
23
5
1
5
5
3
21
18
22
7
2
25
4
13
1
2
27
33
1
26
27
34
12
3
14
7
11
9
39
26
3
25
2
19
12
14
3
9
21
1
3
32
10
20
9
6
36
5
3
2
3
11
2
6
1
9
1
27
30
3
10
26
15
31
35
4
28
11
7
22
8
14
5
5
36
23
68
2
44
32
7
17
19
56
48
19
13
4
2
7
75
2
13
20
31
26
5
28
4
61
47
9
4
25
3
13
13
42
24
24
12
1
9
11
15
28
15
3
6
14
1
4
36
13
25
29
6
17
5
24
25
10
9
17
22
15
34
13
21
40
33
2
13
11
29
61
5
1
7
9
14
8
5
42
26
10
8
16
5
1
14
23
14
12
28
8
7
22
6
51
10
1
20
3
9
8
4
4
19
2
30
13
1
2
7
10
38
5
10
10
36
9
3
20
12
11
2
86
9
2
24
1
9
2
3
27
66
19
31
33
45
5
1
3
43
41
2
30
20
7
2
9
3
18
44
6
1
7
6
40
18
4
8
40
16
31
6
41
63
47
12
30
11
51
4
6
34
8
2
4
8
1
17
35
10
25
8
17
13
12
5
35
36
1
2
15
77
22
18
9
31
19
29
3
5
57
16
6
32
33
2
15
17
36
8
50
22
36
2
47
3
1
21
1
9
2
18
9
1
16
18
41
27
17
16
11
82
9
14
17
10
11
10
53
5
30
13
3
8
16
26
45
26
10
39
34
19
3
36
9
30
31
5
12
7
3
37
5
5
3
18
3
2
4
2
20
18
25
8
14
4
10
5
66
38
1
28
24
8
8
18
8
50
12
18
27
15
65
28
38
15
26
25
24
21
5
47
3
14
7
33
72
7
28
10
1
5
26
4
12
1
0
3
34
10
17
16
26
2
19
13
8
17
9
6
5
14
41
10
0
26
4
42
25
19
16
12
16
16
9
21
4
15
12
19
11
18
10
26
39
9
18
58
15
5
40
17
33
27
7
15
10
15
7
12
0
1
5
7
2
4
20
34
8
21
60
10
15
32
16
5
26
19
22
6
5
28
6
17
2
8
3
4
6
17
43
2
9
10
42
20
18
2
13
17
4
17
11
10
41
13
24
2
2
13
1
1
13
58
8
50
12
2
24
21
24
1
16
4
10
3
9
2
6
8
15
26
24
39
40
10
3
39
13
48
1
16
34
7
1
6
34
31
18
3
27
1
5
27
5
4
10
29
26
10
34
7
41
31
4
45
8
31
4
13
30
12
38
21
18
38
8
25
8
2
30
26
13
49
37
25
2
5
30
21
7
5
55
23
37
22
32
31
6
6
45
9
8
22
4
10
34
36
4
2
42
3
8
11
7
8
28
5
4
2
44
29
24
3
22
13
83
14
9
19
56
9
47
23
9
14
1
7
3
11
41
18
13
2
24
3
2
2
5
6
4
25
10
4
7
21
31
16
32
21
10
4
3
8
17
10
23
18
25
20
26
25
31
9
52
10
13
4
23
30
4
13
4
28
2
27
1
2
59
21
19
7
45
7
29
17
5
52
8
25
10
3
14
1
4
6
9
56
6
75
19
18
31
26
24
31
2
3
9
30
16
35
15
7
1
4
10
2
2
22
24
2
1
13
3
17
45
11
15
1
35
9
31
24
5
7
11
21
7
50
20
21
